95247
81165
22472
81320
68613
82870
86121
72416
62937
15387
12085
82197
36015
56517
9502
93597
50325
46652
4187
57233
40744
96252
88514
99446
99815
43407
7991
99900
32640
55326
51741
5249
83319
75373
44044
97557
17151
67483
90156
99614
30477
54824
45310
53785
13687
70236
6833
10340
63690
50123
86070
86288
15297
9157
40293
90550
34975
71721
38983
85309
69216
44878
98952
4271
39205
14241
167
28646
25207
81480
80366
11132
14903
86824
69651
10815
96918
74789
57923
56369
53557
31954
6006
96208
17046
56754
23186
86499
72169
26353
64060
88189
96748
74106
99621
34697
56895
74974
5274
28769
31118
58032
86066
11932
34880
39378
26542
26426
49020
50912
98448
16801
91885
5216
36282
42648
74091
74968
51545
48562
28679
55162
19408
83097
55156
94251
85806
46187
54496
66633
30050
44823
86528
1690
18520
69712
41996
71837
20571
69066
4446
68660
41567
93317
91865
28435
61298
84724
10777
83953
71319
51909
23227
54496
50315
26691
43411
91229
83998
45765
84866
66883
83614
92400
4995
16129
32562
63656
53591
42809
53136
14103
11466
33541
92891
71315
21607
60902
42198
25784
84900
13272
43577
31729
98743
92483
71141
24506
29861
65384
24242
29971
21385
57859
20273
39384
85700
45041
82531
84994
97876
46449
75196
61202
5509
43443
63911
39189
92546
10014
99920
13161
87346
52599
14502
22790
39269
65305
14894
24014
15924
52817
22960
668
32622
35747
20449
33075
48035
82180
94962
53482
89405
24203
32684
90575
61043
34639
7825
64917
93552
55618
30314
11413
51736
52569
47651
11359
64426
95937
76286
56198
94276
34753
89777
74211
19086
90234
44965
94567
41370
16848
53727
96626
62059
62302
58884
48730
2254
7410
13286
94149
48112
85591
47042
31740
34105
80733
41553
51008
21997
25106
37996
62400
29278
49800
67937
23607
75381
83545
81538
55371
70678
91023
72311
82727
66663
43928
17005
58742
53893
50404
68837
44700
26731
32376
41238
75447
35078
11856
58699
2141
3240
83455
23947
25892
35980
96978
49903
81634
24112
75816
27681
18536
91726
94462
39687
79216
49458
55529
68124
49607
54590
76524
84154
76103
57335
47452
56662
51620
91924
4977
14353
40895
87041
48847
78192
12012
46292
8767
47860
52832
6519
86404
6605
36259
4238
10517
19867
83160
46880
35669
27336
59625
43292
90870
32145
55894
58476
25420
2496
1961
73083
83887
29440
17383
13742
243
1958
62037
54426
53647
61673
75876
62510
54278
67387
96364
55353
86986
72558
94950
4671
35718
67844
84657
84068
12560
88752
24899
31188
53931
60722
87200
8379
17258
53671
92208
87077
33793
75233
89172
35264
26046
84755
49143
9590
60959
13781
6158
8181
33641
30234
45373
23327
60464
74312
47683
68334
16653
83829
64337
41884
12793
10470
73048
22163
23288
17223
93910
40182
77006
28754
47931
94529
72718
84286
31828
56193
74453
97352
414
40876
25488
21161
31167
46476
53750
5471
37461
44841
91020
85817
26294
56332
15127
30175
41584
22655
27860
25126
64258
80570
71919
65828
80052
58896
30860
91858
91982
52632
49321
71292
8031
45511
59290
51187
92420
30492
86131
64418
72738
50685
20147
17266
79173
92637
21458
96705
52727
62065
58994
70453
80390
14743
63818
46471
77720
44657
50767
67163
80390
69735
37293
99641
88687
9282
4040
32937
16564
13948
91454
25527
97988
52328
37347
29266
5224
38800
86567
49335
72073
55362
46452
5039
27773
75739
95795
17013
88077
87138
89654
81930
68216
17604
80692
95913
92737
82317
10322
16535
32310
16453
42949
83521
73163
23580
67932
37756
88609
66454
2828
64297
9218
83072
3692
63956
646
95045
60121
80856
15356
80810
69181
41676
19488
48107
26414
52381
41330
1267
99672
47054
70008
61395
30300
30622
19689
34401
54108
97810
41045
24672
14142
55289
34431
43837
96412
39819
22800
19437
15300
94368
37367
27720
22239
8931
38117
52716
30520
40885
32301
39446
661
77662
82169
6306
5699
95734
2318
81312
36137
70573
82291
58188
64264
14401
33853
60881
98033
97507
88812
46543
69546
85868
28561
16824
69241
27420
46793
59990
87241
75283
20352
99369
80696
86476
43570
66597
67209
24944
11533
79001
44080
55589
93980
32828
11357
5822
42505
27302
56976
19082
58003
66157
88966
52046
37638
98780
48414
21086
91128
36497
52668
66328
34451
34246
83614
5652
7401
53482
2434
5119
43386
47801
38455
41314
14893
41752
53994
63346
47086
31838
76939
11982
8728
69922
49220
16301
31690
97272
16418
59825
21141
82918
6121
45010
88862
7146
69926
74774
78071
74524
79080
71075
9303
56630
37329
33874
96513
92250
6565
71237
77700
78590
35141
85606
93561
2200
57744
51525
19591
10523
65928
28105
47878
85082
48886
86227
77732
85881
70104
86580
35002
54437
93600
43018
71263
74696
25581
53403
52438
28191
22246
52298
89863
78684
73711
95318
25684
77730
33708
44834
48023
72955
61725
40556
50703
77401
26914
94075
89180
24712
49619
55748
44098
10611
5606
32407
89782
50399
18111
13966
79204
2479
90192
97506
41647
7981
29267
71615
83203
83928
28386
23815
63436
9186
21923
88124
58211
15858
60497
43934
26999
29348
91726
8517
83406
93548
26989
92830
18776
21655
40850
81812
56153
25082
98701
95751
16310
31627
777
62343
60412
88373
71979
39426
91515
24624
3355
35900
32259
70745
22830
35446
50750
57746
39262
85729
65508
75678
88994
19492
65305
87543
61693
72233
66914
63210
56231
37450
28197
45749
81320
99718
28428
63157
34581
62847
50996
9098
8388
94202
10141
85739
79505
12493
87659
94235
19979
37026
53959
21934
38263
82016
65801
71364
45548
58184
29575
74813
59071
20356
40606
437
84814
18904
45713
70450
28653
58353
25468
48601
13560
40062
84479
21006
35758
22046
51757
74642
27923
34370
90819
57030
30480
96967
13682
48116
57833
55016
47942
47305
92433
74669
99315
33524
48502
63956
40428
83596
19240
37279
74894
59627
55508
27188
30923
12003
68117
58899
75122
89589
74894
53497
88843
2773
12438
3548
20297
31675
11530
60581
67180
11057
92761
4479
80854
82136
66854
95245
50729
99269
80392
28101
29595
13693
2909
43853
37455
57071
792
81991
61736
40123
61643
94145
75380
72180
67546
12181
721
84497
8213
3000
80154
16729
96143
2954
11772
20590
98841
7634
4816
80458
58705
39155
73546
14216
28782
80711
44051
80705
9354
6235
63827
42082
73764
89519
72473
18959
9069
98508
74474
37280
70130
73493
15556
53221
91440
19896
31322
60894
42235
56686
66267
96370
88406
12722
3817
35690
9576
9637
47100
43445
36132
53576
10020
37401
76339
20949
20249
83287
98624
29145
27396
94738
49197
75138
61391
10269
63474
61127
73271
78596
75639
72807
25103
77517
94605
32171
37146
50983
65955
22479
59775
57841
12948
25208
73915
37489
59104
67532
40869
59880
24161
41738
74419
52713
52675
42991
69716
16892
47341
50455
7526
17883
7314
66689
10673
49467
30888
31529
50839
22576
16991
50049
98062
42848
71311
52444
73748
36125
96529
45436
27419
35844
64833
49609
90946
54766
67692
20415
39216
42965
47079
24647
892
74861
34050
45078
3327
12986
68224
3390
5911
51491
77205
27860
31185
68911
21676
13268
36663
16709
56236
76720
44563
10701
75845
36715
24048
83131
27473
55165
48426
55506
21070
69556
68134
15821
59854
39608
5880
13480
18087
68105
39582
49152
78844
22847
89193
17084
81125
52657
18918
43418
8355
61626
10722
56710
25708
38629
42296
87873
15687
19341
70840
41975
25239
21250
4099
74388
78198
74045
64449
52510
58029
69165
94955
63461
12188
80752
28974
98872
46547
50201
28454
40476
89068
94976
14587
47164
37732
86857
7315
27470
73115
17981
31050
42031
10213
53075
75655
52787
98060
93311
75285
46692
61505
44062
86525
39992
53362
46554
5812
10425
59369
88606
23037
17319
78194
9136
88641
38334
72724
70559
34014
30441
22771
65899
58913
26098
31195
93651
43314
97896
57366
59407
77306
39937
84165
50676
30874
59613
77150
53885
13628
52850
59146
51729
84758
59101
43390
79441
16481
83609
16119
90870
63199
89465
30715
99522
16939
24415
64979
60629
58321
65439
26017
12579
95097
49547
50842
8481
50267
16949
88594
46058
24827
98857
94607
88776
28620
99722
86244
77684
31039
52002
27485
71345
3577
5635
16461
47524
39562
6461
84340
46956
73909
96615
93474
27743
67954
22113
61544
70713
65134
289
78987
16692
97337
77229
67310
1233
78875
34783
3624
74250
81015
58247
62523
7758
97800
13039
93448
33464
50556
76446
44133
79056
29114
2502
18321
44156
78376
50132
12610
14256
571
30661
75304
38697
47456
2037
77996
9543
26824
85588
32934
64405
12672
4651
57363
77636
41184
1937
87655
48383
53244
10285
98086
1382
80129
52885
45981
30036
78744
11752
98982
98364
23659
82441
79500
29962
31369
21528
30244
25211
31254
76465
5828
44916
21722
29101
46110
75487
37364
47659
10686
13802
16606
78508
25924
26109
63647
26106
99310
24255
23849
81023
31830
36981
2247
1433
79336
81830
61038
42298
74961
10973
20155
58722
57095
95491
11867
10320
15526
3170
25834
82076
78440
47587
80353
37616
62200
42257
20741
82501
17917
56301
94118
66549
88743
20608
71164
51140
62778
7276
59215
37076
96574
76495
67956
81141
59740
89653
65182
82772
41892
78843
48729
34013
90648
25330
77628
16900
39488
26438
39274
78528
53730
20277
31158
15163
65230
92438
84460
19254
87782
87168
34622
63019
24488
87865
155
9843
70840
32104
71876
37439
40206
25453
23381
21821
5164
77081
52936
600
65886
45158
62155
23482
66237
44734
1908
6047
70177
85138
28493
84095
32508
62568
30307
13160
11283
68831
44753
96336
31468
35591
59360
66641
23802
21075
90691
1605
4035
58330
16674
96717
67462
77127
44045
65683
16419
33317
47839
86457
65320
11003
59872
10288
67287
46051
10585
59494
65192
62824
45885
2608
65909
27429
62407
94162
11323
71234
61294
44808
65942
49839
5239
51451
4217
1348
63396
22218
86108
65284
58209
98965
4095
3604
29375
77342
9218
47161
29416
2602
42715
13619
16492
60871
31002
876
11344
90065
39444
48637
88378
90732
28665
17234
78278
36113
2468
7363
75968
17127
43232
88182
67805
36465
15508
97672
45113
31092
94603
67179
47287
19478
84388
31732
40671
48782
2339
93977
37086
1787
95347
21534
59291
14600
79349
30097
88988
42016
61560
39773
29326
65339
12355
37051
390
11545
50615
72830
37192
57276
2893
20096
55157
80853
69145
89699
88944
65907
7361
85042
38278
56634
88662
49050
46760
68103
70756
98293
38385
64058
14216
4415
49110
59304
61731
43446
10652
65156
75053
160
33123
62026
83730
64959
75139
32666
95959
51424
53189
67206
85674
98010
33602
82969
13964
30704
18780
60949
96241
48797
79263
56171
17374
68780
86900
93120
68701
55269
27341
12570
89096
60065
59982
59758
26607
53085
28074
68162
2290
40651
58274
37347
76320
87931
4272
20269
85719
71136
23358
29570
94087
67758
62176
50273
83776
86095
66768
47151
92223
7860
93495
5564
20535
72420
18091
93925
13262
84555
70775
25726
36297
23017
13101
72452
33760
96839
69559
95469
84829
12221
3677
28691
80764
64246
5269
39652
10988
9074
37795
26387
94860
54261
12225
34493
74380
52181
71153
49098
85719
57723
37125
90844
10941
29135
72775
60874
95932
64254
46510
31796
87167
78049
53831
33163
25773
3421
28679
23344
83735
1458
98829
24142
14059
28744
80841
73752
83901
12598
99293
32784
80803
42327
28176
59115
594
71292
91016
6323
11726
58316
45717
29691
62157
21369
43592
11080
93613
75619
86555
9069
81344
91996
58787
70845
14460
77528
35519
35593
10561
29797
13632
29813
38734
55334
3433
88259
9083
46652
75228
415
94369
45868
65636
93117
65846
6909
7836
88057
50073
9072
12007
2956
86742
67140
91216
29404
43998
55214
47465
55905
21242
93949
47155
98491
11053
80991
88351
80568
21131
91519
69785
91085
50890
99713
68946
81682
16742
23861
64188
27566
24888
48881
17405
21137
1655
93886
37379
9805
63336
66345
9984
50753
8743
523
22182
59725
42469
97524
75167
3268
20882
34772
79269
88293
28721
19263
62579
96244
4408
15617
91531
79417
31720
50190
18941
90312
20515
28041
72908
11095
38995
64558
8148
37920
13715
73994
90784
80380
21720
47882
40171
18805
51988
67623
41254
76534
53337
80877
53994
88377
39644
75738
22940
44139
72655
41971
19705
31252
91267
11782
95904
46698
54439
32859
94632
1737
22790
15222
15598
63014
76709
72885
92851
71276
41347
88434
4160
14696
76920
77155
37252
21493
99856
85798
78790
93689
99304
93182
56541
57763
90840
52384
24318
85301
71325
98646
61158
5643
29085
36052
60509
7367
38768
46849
68231
55325
69105
76619
21628
77322
10129
50787
62265
52309
37483
10399
73543
30223
41753
40769
82006
